2098
2199
2096
2197
3096//
3197
4108
4015
2099
3296
2192
2092
2195
1195
4300
1094
2099
3094
2192
2092
2199
2097
3093
2192
2092
2197
4004
0000
0000
0000
0000
0000
0000
0000
0000
0000
0000
0000
0000
0000
0000
0000
0000
0000
0000
0000
0000
0000
0000
0000
0000
0000
0000
0000
0000
0000
0000
0000
0000
0000
0000
0000
0000
0000
0000
0000
0000
0000
0000
0000
0000
0000
0000
0000
0000
0000
0000
0000
0000
0000
0000
0000
0000
0000
0000
0000
0000
0000
0000
0000
0000
0000
0000
0001
0000
0000
0005
0005
0001
0001
